2022 193  0  0  17.66
2022 193  1  0  13.90
2022 193  2  0  15.48
2022 193  3  0  15.64
2022 193  4  0  12.51
2022 193  5  0   8.51
2022 193  6  0   6.72
2022 193  7  0   9.16
2022 193  8  0  12.36
2022 193  9  0  12.30
2022 193 10  0  12.05
2022 193 11  0   8.99
2022 193 12  0   8.42
2022 193 13  0   7.58
2022 193 14  0   6.49
2022 193 15  0   4.89
2022 193 16  0   4.30
2022 193 17  0   4.90
2022 193 18  0   4.42
2022 193 19  0   4.205
2022 193 20  0   3.99
2022 193 21  0   3.68
2022 193 22  0   3.14
2022 193 23  0   2.93
2022 194  0  0   2.60
2022 194  1  0   2.65
2022 194  2  0   2.58
2022 194  3  0   3.12
2022 194  4  0   3.19
2022 194  5  0   3.03
2022 194  6  0   2.11
2022 194  7  0   2.66
2022 194  8  0   3.10
2022 194  9  0   2.33
2022 194 10  0   2.58
2022 194 11  0   2.56
2022 194 12  0   2.53
2022 194 13  0   1.66
2022 194 14  0   0.85
2022 194 15  0   1.07
2022 194 16  0   0.80
2022 194 17  0   0.63
2022 194 18  0   0.66
2022 194 19  0   0.62
2022 194 20  0   0.61
2022 194 21  0   0.58
2022 194 22  0   0.565
2022 194 23  0   0.55
2022 195  0  0   0.74
2022 195  1  0   0.94
2022 195  2  0   0.79
2022 195  3  0   0.49
2022 195  4  0   0.42
2022 195  5  0   0.43
2022 195  6  0   0.64
2022 195  7  0   0.53
2022 195  8  0   0.49
2022 195  9  0   0.31
2022 195 10  0   0.42
2022 195 11  0   0.54
2022 195 12  0   0.65
2022 195 13  0   0.40
2022 195 14  0   0.37
2022 195 15  0   0.34
2022 195 16  0   0.37
2022 195 17  0   0.37
2022 195 18  0   0.42
2022 195 19  0   0.42
2022 195 20  0   0.48
2022 195 21  0   0.44
2022 195 22  0   0.39
2022 195 23  0   0.38
2022 196  0  0   0.45
2022 196  1  0   0.44
2022 196  2  0   0.45
2022 196  3  0   0.26
2022 196  4  0   0.26
2022 196  5  0   0.62
2022 196  6  0   0.47
2022 196  7  0   0.24
2022 196  8  0   0.31
2022 196  9  0   0.29
2022 196 10  0   0.49
2022 196 11  0   0.40
2022 196 12  0   0.35
2022 196 13  0   0.50
2022 196 14  0   0.39
2022 196 15  0   0.40
2022 196 16  0   0.41
2022 196 17  0   0.41
2022 196 18  0   0.44
2022 196 19  0   0.44
2022 196 20  0   0.37
2022 196 21  0   0.34
2022 196 22  0   0.32
2022 196 23  0   0.42
2022 197  0  0   0.43
2022 197  1  0   0.44
2022 197  2  0   0.46
2022 197  3  0   0.52
2022 197  4  0   0.58
2022 197  5  0   0.59
2022 197  6  0   0.52
2022 197  7  0   0.50
2022 197  8  0   0.47
2022 197  9  0   0.45
2022 197 10  0   0.49
2022 197 11  0   0.37
2022 197 12  0   0.43
2022 197 13  0   0.42
2022 197 14  0   0.40
2022 197 15  0   0.21
2022 197 16  0   0.31
2022 197 17  0   0.31
2022 197 18  0   0.56
2022 197 19  0   0.59
2022 197 20  0   0.50
2022 197 21  0   0.42
2022 197 22  0   0.43
2022 197 23  0   0.48
2022 198  0  0   0.48
2022 198  1  0   0.45
2022 198  2  0   0.48
2022 198  3  0   0.53
2022 198  4  0   0.62
2022 198  5  0   0.60
2022 198  6  0   0.50
2022 198  7  0   1.16
2022 198  8  0   1.23
2022 198  9  0   1.30
2022 198 10  0   1.36
2022 198 11  0   1.39
2022 198 12  0   1.27
2022 198 13  0   1.52
2022 198 14  0   1.50
2022 198 15  0   1.89
2022 198 16  0   1.75
2022 198 17  0   2.18
2022 198 18  0   1.90
2022 198 19  0   2.21
2022 198 20  0   2.56
2022 198 21  0   2.72
2022 198 22  0   3.12
2022 198 23  0   3.63
2022 199  0  0   3.51
2022 199  1  0   4.25
2022 199  2  0   4.41
2022 199  3  0   5.81
2022 199  4  0   6.18
2022 199  5  0   4.56
2022 199  6  0   5.66
2022 199  7  0   4.88
2022 199  8  0   4.74
2022 199  9  0   4.82
2022 199 10  0   4.26
2022 199 11  0   3.02
2022 199 12  0   3.22
2022 199 13  0   4.02
2022 199 14  0   4.37
2022 199 15  0   3.88
2022 199 16  0   4.45
2022 199 17  0   3.90
2022 199 18  0   5.05
2022 199 19  0   4.19
2022 199 20  0   5.27
2022 199 21  0   6.50
2022 199 22  0   6.21
2022 199 23  0   6.91